12 480 115 782 402 144 700 44 142 973 115 548 237 728 775 142 150 758 33 678 62 139 236 548 749 458 538 422 209 607 95 120 20 788 962 908 412 349 203 210 338 401 373 611 978 252 215 741 222 426 598 678 560 61 976 52 858 184 364 137 208 151 856 815 385 31 88 752 543 889 449 666 828 223 212 815 442 747 376 198 338 656 838 224 493 42 269 344 300 342 585 405 493 662 666 856 323 984 218 999 
767 97 808 791 313 917 180 573 638 958 558 858 690 302 95 177 197 29 943 812 615 383 712 979 97 685 408 291 931 312 664 859 906 201 116 465 207 819 341 455 412 807 49 575 731 120 274 101 894 652 122 983 198 205 343 166 730 874 155 487 59 510 626 807 524 284 881 381 627 502 651 604 38 875 114 497 141 816 742 620 709 509 996 849 785 25 260 501 783 800 481 357 243 11 99 384 596 289 456 180 
46 135 127 580 885 628 51 945 628 908 211 807 197 969 840 887 305 705 188 567 465 571 711 525 536 726 880 515 411 232 536 199 734 629 472 315 734 838 478 333 136 380 126 535 801 355 762 196 965 299 706 388 593 791 170 43 873 684 121 750 435 212 144 251 389 903 314 209 435 911 728 314 554 601 248 941 797 275 752 961 847 38 33 483 629 847 916 280 265 549 207 445 833 718 372 215 410 34 837 454 
393 724 203 245 219 329 353 304 714 982 377 115 789 221 67 992 255 906 639 710 491 909 511 462 957 667 284 674 185 427 34 69 494 157 304 827 485 851 5 0 283 388 279 775 291 307 910 934 251 593 314 413 915 795 992 238 244 619 145 866 647 553 786 327 870 98 686 587 724 192 21 382 928 555 504 963 313 689 480 531 962 878 265 316 810 396 407 693 218 567 907 226 785 420 49 843 584 248 982 722 
245 49 868 977 421 700 934 331 279 110 815 562 63 335 254 746 503 778 437 144 784 48 316 320 817 45 956 418 230 551 882 451 559 144 78 23 505 822 484 450 278 491 776 489 683 702 3 922 695 846 744 665 347 240 172 91 476 879 367 58 958 582 401 931 890 329 633 398 207 428 224 967 59 700 890 858 456 39 904 747 422 461 769 411 139 836 988 752 805 932 978 756 528 931 326 438 245 569 263 803 
93 464 57 140 891 599 314 892 726 891 200 128 660 390 479 234 281 349 348 982 941 431 793 320 854 279 612 450 840 685 430 350 70 190 667 231 918 266 832 927 988 173 119 772 871 110 725 804 317 272 680 798 461 442 201 80 521 96 341 819 921 554 891 497 488 360 146 707 446 493 159 63 261 615 329 321 872 866 315 562 60 792 332 123 706 724 864 625 837 871 714 905 233 564 522 606 598 785 182 270 
143 557 311 805 398 608 451 555 325 876 620 998 691 265 766 76 661 628 172 152 704 992 146 485 983 546 738 836 735 890 757 145 436 464 989 184 176 471 524 136 698 898 598 364 820 398 499 919 204 843 493 344 13 511 380 679 780 192 737 139 494 878 315 165 212 724 97 755 472 605 508 354 964 878 137 805 937 72 771 918 928 651 614 296 833 172 66 100 19 830 52 868 356 580 184 243 75 379 423 425 
304 528 53 986 304 409 840 100 66 98 413 167 526 301 165 665 37 352 76 555 147 404 997 294 882 785 722 750 921 103 333 250 255 874 890 989 620 483 945 794 367 534 422 437 735 903 663 169 1000 269 728 14 646 573 246 945 219 581 18 152 747 707 615 665 686 107 919 936 287 675 192 502 231 352 467 164 295 478 715 374 961 238 284 661 365 677 980 977 272 991 907 477 351 733 661 384 205 443 424 580 
552 744 42 16 474 546 344 542 824 607 973 848 483 431 81 522 608 718 601 971 697 876 795 785 474 502 562 537 785 566 28 0 245 515 704 51 403 965 883 288 771 995 406 285 89 463 251 162 456 617 250 401 191 701 504 980 235 130 612 673 758 616 548 280 350 36 266 961 280 711 640 881 104 26 921 405 408 43 476 687 569 96 456 118 976 519 478 654 693 393 791 309 955 819 174 73 347 379 972 166 
620 294 381 278 902 129 121 156 259 583 70 69 686 221 498 46 311 560 450 222 259 104 726 53 777 582 390 535 889 58 45 33 579 203 157 263 120 457 571 82 89 65 76 859 137 330 385 799 850 295 333 125 841 786 378 836 633 942 50 889 169 898 443 863 904 552 904 508 229 668 481 805 703 910 232 577 534 660 844 24 835 57 713 578 848 359 947 619 531 255 638 227 151 57 465 940 148 585 581 617 
